-4.453853145241737366e-02
4.978382214903831482e-02
7.960245013236999512e-02
-1.622062735259532928e-02
-1.854434013366699219e-01
-2.381918206810951233e-02
-5.071534216403961182e-02
-1.574998497962951660e-01
1.158962473273277283e-01
-1.107577681541442871e-01
2.649806439876556396e-01
-6.996390968561172485e-02
-2.110156267881393433e-01
-7.270482927560806274e-02
4.765557125210762024e-02
9.360584616661071777e-02
-1.574585884809494019e-01
-1.494060605764389038e-01
-4.443664476275444031e-02
-9.342497587203979492e-02
7.297386229038238525e-02
9.180315583944320679e-02
1.109410170465707779e-02
-2.967117913067340851e-02
-9.790567308664321899e-02
-3.386384546756744385e-01
-4.258291795849800110e-02
-1.358666718006134033e-01
1.808831840753555298e-01
-2.536750026047229767e-02
2.463788352906703949e-02
7.010465860366821289e-02
-1.596110463142395020e-01
-7.516904175281524658e-02
7.416598498821258545e-02
5.273623764514923096e-02
-9.986384958028793335e-02
-8.913656324148178101e-02
2.228357493877410889e-01
-6.107905507087707520e-02
-2.217593938112258911e-01
-5.205651372671127319e-02
2.674557827413082123e-02
1.327307075262069702e-01
1.225434914231300354e-01
1.838983967900276184e-02
7.847636938095092773e-02
-1.209567412734031677e-01
1.020152419805526733e-01
-2.558152973651885986e-01
3.759577497839927673e-02
1.845574676990509033e-01
8.408727496862411499e-02
4.749068245291709900e-02
1.047723367810249329e-01
-1.816955208778381348e-01
-2.481480687856674194e-02
1.672584265470504761e-01
-1.896452307701110840e-01
1.330445557832717896e-01
9.200368821620941162e-02
-1.082164645195007324e-01
-1.217986736446619034e-02
-8.237413316965103149e-02
1.787520051002502441e-01
3.225896880030632019e-02
-6.033881008625030518e-02
-1.577306985855102539e-01
1.990429908037185669e-01
-1.199429929256439209e-01
-1.443049460649490356e-01
1.806841939687728882e-01
-1.041242033243179321e-01
-1.681853830814361572e-01
-2.530063390731811523e-01
-3.416436910629272461e-02
4.993050396442413330e-01
8.118485659360885620e-02
-1.378958374261856079e-01
-2.611615229398012161e-03
-5.247657001018524170e-02
-5.430258065462112427e-02
7.770361006259918213e-02
7.158713042736053467e-02
2.242713235318660736e-02
-1.127902418375015259e-01
-9.088040888309478760e-02
-1.118600741028785706e-02
2.135514467954635620e-01
-7.537096738815307617e-02
-1.442042924463748932e-02
2.060926556587219238e-01
-1.319990586489439011e-02
9.270799905061721802e-02
-3.186201443895697594e-03
6.921644508838653564e-02
-7.881084829568862915e-02
-1.197196636348962784e-02
-4.698477685451507568e-02
-7.836447656154632568e-02
3.634002059698104858e-02
-7.185845077037811279e-02
1.488411985337734222e-02
1.356789171695709229e-01
-1.483750641345977783e-01
1.643585115671157837e-01
-5.033739656209945679e-02
9.220915846526622772e-03
2.109005302190780640e-02
-5.051739886403083801e-02
2.223862707614898682e-02
1.851116307079792023e-02
1.698849499225616455e-01
-2.572375237941741943e-01
2.167435586452484131e-01
1.807772964239120483e-01
3.077536635100841522e-02
1.647376418113708496e-01
9.044867940247058868e-03
3.145113587379455566e-02
3.473369637504220009e-03
-1.142101362347602844e-01
-2.627021670341491699e-01
-1.250160038471221924e-01
-3.290997073054313660e-02
-3.037123382091522217e-02
-5.965182930231094360e-02
3.439763560891151428e-02
-7.470040023326873779e-02
1.521085500717163086e-01
1.210630238056182861e-01
-7.281833887100219727e-02
-9.821208566427230835e-02
2.682825922966003418e-02
-8.048506453633308411e-03
-9.679926931858062744e-02
1.997490227222442627e-01
-5.555601418018341064e-02
3.076514005661010742e-01
-1.668410748243331909e-02
-2.484444230794906616e-01
-1.614894717931747437e-02
3.523367643356323242e-02
9.684558212757110596e-02
-1.872619539499282837e-01
-1.237074062228202820e-01
-8.360949903726577759e-02
-1.174880489706993103e-01
7.975149899721145630e-02
6.377892941236495972e-02
2.921325527131557465e-02
-9.869897365570068359e-02
-1.577578932046890259e-01
-3.630159795284271240e-01
-9.095279127359390259e-02
-6.000261381268501282e-02
1.606875956058502197e-01
-4.640550911426544189e-02
7.587925344705581665e-02
2.423109672963619232e-02
-1.588897556066513062e-01
-7.016602903604507446e-02
4.059843719005584717e-02
2.952924929559230804e-02
-7.062117755413055420e-02
-5.511985719203948975e-02
1.673773378133773804e-01
-4.514576122164726257e-02
-1.933488845825195312e-01
-2.753302268683910370e-02
4.791531711816787720e-02
1.839731484651565552e-01
1.859492063522338867e-01
6.290604174137115479e-02
8.589385449886322021e-02
-1.450874507427215576e-01
1.955103687942028046e-02
-2.222606390714645386e-01
9.431739896535873413e-02
1.701999902725219727e-01
3.831604868173599243e-02
6.039492785930633545e-02
1.508140861988067627e-01
-1.324328333139419556e-01
-2.123044617474079132e-02
1.632051765918731689e-01
-1.362383216619491577e-01
6.976944208145141602e-02
1.633648127317428589e-01
-4.123434424400329590e-02
-4.527998715639114380e-02
-6.943999230861663818e-02
1.432866454124450684e-01
2.106916345655918121e-02
-7.970528304576873779e-02
-1.944912672042846680e-01
1.910821944475173950e-01
-8.294082432985305786e-02
-1.180743724107742310e-01
1.740280836820602417e-01
-1.110757887363433838e-01
-1.483916640281677246e-01
-2.869001924991607666e-01
9.022806771099567413e-03
4.893244206905364990e-01
5.407428741455078125e-02
-1.297203004360198975e-01
1.090713590383529663e-02
-6.285621970891952515e-02
-1.108187600038945675e-03
1.167460829019546509e-01
8.710387162864208221e-03
-4.668709263205528259e-02
-1.111950799822807312e-01
-1.193013712763786316e-01
7.021745201200246811e-03
2.187465429306030273e-01
-1.806329749524593353e-02
-6.746172904968261719e-02
1.619267910718917847e-01
-9.765072725713253021e-03
2.023650147020816803e-02
2.183420769870281219e-02
1.362219750881195068e-01
-7.509715110063552856e-02
1.143398415297269821e-02
-1.102517396211624146e-01
-7.753933966159820557e-02
7.541403919458389282e-02
-5.303590372204780579e-02
-6.522803008556365967e-02
1.481859385967254639e-01
-1.749137192964553833e-01
1.967136412858963013e-01
-7.223454769700765610e-03
1.623849757015705109e-02
2.133444696664810181e-02
-4.280138388276100159e-02
-1.119062025099992752e-02
3.568507730960845947e-02
2.013919949531555176e-01
-3.007184565067291260e-01
1.684284657239913940e-01
2.163601368665695190e-01
-2.318757213652133942e-02
1.079862266778945923e-01
4.375419393181800842e-02
5.186224728822708130e-02
-7.329894229769706726e-03
-5.147869512438774109e-02
-2.545774579048156738e-01
-1.128438934683799744e-01
-6.859589368104934692e-02
-5.483473464846611023e-02
-1.883115433156490326e-02
3.912577033042907715e-02
-3.982234746217727661e-02
5.446233227849006653e-02
1.110122129321098328e-01
-2.961213700473308563e-02
-1.754330098628997803e-01
1.067882683128118515e-02
-3.222467750310897827e-02
-1.373724788427352905e-01
1.394657194614410400e-01
-6.959180533885955811e-02
3.102266490459442139e-01
-5.794186517596244812e-02
-2.870360314846038818e-01
-2.565307542681694031e-03
-3.530931472778320312e-02
1.233983188867568970e-01
-1.557388156652450562e-01
-9.008729457855224609e-02
-6.401988863945007324e-02
-1.036106050014495850e-01
9.723795205354690552e-02
7.828689366579055786e-02
1.484461221843957901e-02
-7.740560919046401978e-02
-8.722522854804992676e-02
-3.134447932243347168e-01
-9.803561121225357056e-02
-5.041315779089927673e-02
1.433767527341842651e-01
-8.539061993360519409e-02
4.295932501554489136e-02
7.663594931364059448e-02
-1.563452035188674927e-01
-5.876038596034049988e-02
3.551115840673446655e-02
-2.197189256548881531e-02
-8.135894685983657837e-02
-8.087187260389328003e-02
2.103043049573898315e-01
-4.081459715962409973e-02
-2.024217993021011353e-01
-4.016210138797760010e-02
2.574564330279827118e-02
1.418795883655548096e-01
1.239087507128715515e-01
5.961919575929641724e-02
3.876604512333869934e-02
-1.075733751058578491e-01
3.299554437398910522e-02
-2.263999283313751221e-01
8.378563076257705688e-02
1.832730919122695923e-01
6.369438767433166504e-02
3.060152381658554077e-02
9.336059540510177612e-02
-1.998698264360427856e-01
-3.072406537830829620e-02
1.915626823902130127e-01
-1.394424736499786377e-01
9.516385942697525024e-02
1.179334521293640137e-01
-8.702112734317779541e-02
-8.999009616672992706e-03
-4.727423936128616333e-02
1.331682801246643066e-01
3.245211765170097351e-02
-4.687659069895744324e-02
-1.866239011287689209e-01
1.976941674947738647e-01
-7.860358059406280518e-02
-1.009787842631340027e-01
1.496305316686630249e-01
-1.323338299989700317e-01
-1.785182952880859375e-01
-2.478200048208236694e-01
-1.640531420707702637e-02
4.783085882663726807e-01
4.282540082931518555e-02
-1.753911674022674561e-01
4.234248306602239609e-03
-3.202180564403533936e-02
-2.662226557731628418e-02
1.415206044912338257e-01
1.747565902769565582e-02
-3.516295691952109337e-03
-9.428246319293975830e-02
-1.390861272811889648e-01
-3.480669856071472168e-02
1.926936209201812744e-01
-6.019468232989311218e-02
-6.154736876487731934e-02
2.412039041519165039e-01
-6.650304887443780899e-03
4.376268386840820312e-02
4.638741910457611084e-02
7.607240229845046997e-02
-4.728580266237258911e-02
-1.854485133662819862e-03
-8.926393091678619385e-02
-7.992871850728988647e-02
5.705470219254493713e-02
-6.239639595150947571e-02
-5.092349275946617126e-02
1.285237818956375122e-01
-1.236350163817405701e-01
1.720920503139495850e-01
-2.006900869309902191e-02
4.370661452412605286e-02
-2.093522064387798309e-02
-7.769631594419479370e-02
-3.530469164252281189e-02
3.211170434951782227e-02
2.072125226259231567e-01
-2.664007246494293213e-01
1.898214519023895264e-01
1.695002466440200806e-01
8.455860661342740059e-04
1.273446679115295410e-01
4.945211112499237061e-02
4.975381866097450256e-02
1.219545863568782806e-02
-9.280557185411453247e-02
-2.557995319366455078e-01
-1.015807464718818665e-01
1.184458145871758461e-03
-6.793471425771713257e-02
-2.007043175399303436e-02
4.789837077260017395e-02
-3.687164932489395142e-02
9.927493333816528320e-02
6.305538117885589600e-02
-1.041425508446991444e-03
-1.549965888261795044e-01
5.006065126508474350e-03
-3.141854703426361084e-02
-1.951274424791336060e-01
1.560236513614654541e-01
-8.545087277889251709e-02
2.528282999992370605e-01
-1.023529767990112305e-01
-2.396816909313201904e-01
2.188567630946636200e-02
-1.825278252363204956e-02
1.035571545362472534e-01
-1.301798373460769653e-01
-1.055673360824584961e-01
-1.283841300755739212e-02
-1.139310151338577271e-01
1.167642101645469666e-01
8.153174817562103271e-02
3.030867502093315125e-02
9.893871843814849854e-03
-9.911536425352096558e-02
-2.680242359638214111e-01
-9.507238119840621948e-02
-8.843715488910675049e-02
1.386172622442245483e-01
-6.958711147308349609e-02
8.589915931224822998e-03
4.845644533634185791e-02
-1.795851737260818481e-01
-6.992539763450622559e-02
3.817390650510787964e-02
4.552820697426795959e-02
-8.252849429845809937e-02
-7.517811655998229980e-02
2.013539373874664307e-01
-5.142301321029663086e-02
-1.857244074344635010e-01
-4.684578999876976013e-02
2.287056669592857361e-02
2.079219520092010498e-01
1.039336100220680237e-01
3.381963074207305908e-02
4.243845585733652115e-03
-1.055289730429649353e-01
5.229201912879943848e-02
-2.314200997352600098e-01
7.844889909029006958e-02
1.583534032106399536e-01
5.233172327280044556e-02
1.736290566623210907e-02
9.917371720075607300e-02
-1.687688231468200684e-01
-3.892305865883827209e-02
2.152726650238037109e-01
-1.271575540304183960e-01
8.376829326152801514e-02
8.822656422853469849e-02
-6.159134954214096069e-02
2.811951097100973129e-03
-7.292364537715911865e-02
1.812838613986968994e-01
6.141905486583709717e-02
-3.351260349154472351e-02
-1.347952485084533691e-01
1.602049767971038818e-01
-8.747763931751251221e-02
-1.260992586612701416e-01
1.519208401441574097e-01
-1.110784187912940979e-01
-1.592160612344741821e-01
-2.664384841918945312e-01
-3.875188902020454407e-02
5.259077548980712891e-01
3.716790303587913513e-02
-1.705344319343566895e-01
1.747571304440498352e-02
-5.003314465284347534e-02
-1.127362065017223358e-02
1.569331735372543335e-01
2.170344442129135132e-02
1.718296669423580170e-02
-7.279029488563537598e-02
-1.437606662511825562e-01
-7.171651348471641541e-03
2.052698135375976562e-01
-9.542076289653778076e-02
-4.391197860240936279e-02
2.097677737474441528e-01
-1.921921223402023315e-02
3.540446609258651733e-02
2.346819080412387848e-02
8.050293475389480591e-02
-7.848143577575683594e-02
-1.443156506866216660e-02
-1.198344379663467407e-01
-1.301928162574768066e-01
4.743812605738639832e-02
-2.184595726430416107e-02
-5.205241218209266663e-02
1.711820513010025024e-01
-2.242741137742996216e-01
1.432384401559829712e-01
2.365748398005962372e-02
-1.686681434512138367e-02
1.601176150143146515e-02
-4.882791638374328613e-02
-2.986187115311622620e-02
1.437565311789512634e-02
1.940644234418869019e-01
-2.982979118824005127e-01
1.344083398580551147e-01
1.549619734287261963e-01
-4.466605558991432190e-02
1.436363905668258667e-01
-1.505429483950138092e-02
3.657509759068489075e-02
2.526531461626291275e-03
-9.629855304956436157e-02
-2.566567063331604004e-01
-9.562998265027999878e-02
2.866615727543830872e-02
-1.326180342584848404e-02
-6.016177684068679810e-02
2.779211476445198059e-02
-5.567510798573493958e-02
1.100075691938400269e-01
1.006595790386199951e-01
-4.176178947091102600e-02
-1.902652680873870850e-01
-1.080755423754453659e-02
-5.232598260045051575e-02
-1.969639956951141357e-01
1.287658661603927612e-01
-6.481289863586425781e-02
2.317172735929489136e-01
-9.476414322853088379e-02
-2.618609964847564697e-01
3.334019565954804420e-03
6.973449606448411942e-03
7.401852309703826904e-02
-1.176946833729743958e-01
-1.419605612754821777e-01
2.500464208424091339e-03
-1.154003366827964783e-01
6.983204185962677002e-02
1.331454887986183167e-02
1.812964864075183868e-02
-3.083728812634944916e-02
-1.065273657441139221e-01
-3.171497881412506104e-01
-1.338239461183547974e-01
-9.116262197494506836e-02
1.130708381533622742e-01
-4.245541617274284363e-02
5.790831521153450012e-02
3.638884425163269043e-02
-1.174140498042106628e-01
-8.092763274908065796e-02
3.371159359812736511e-02
2.863048389554023743e-02
-1.177468821406364441e-01
-7.645633816719055176e-02
2.013385295867919922e-01
-1.054498627781867981e-01
-1.922445446252822876e-01
-6.489537656307220459e-02
2.323957532644271851e-02
2.066114544868469238e-01
1.492678672075271606e-01
6.159715726971626282e-02
6.459604203701019287e-02
-9.059811383485794067e-02
5.139560624957084656e-02
-1.828460246324539185e-01
1.181062832474708557e-01
1.677947044372558594e-01
5.236827954649925232e-02
4.421532899141311646e-02
1.261446028947830200e-01
-1.600480973720550537e-01
-1.378422137349843979e-03
2.364495098590850830e-01
-1.733848303556442261e-01
5.972040444612503052e-02
1.324252635240554810e-01
-8.075737953186035156e-02
-1.380479894578456879e-03
-6.525121629238128662e-02
2.153426855802536011e-01
8.013924211263656616e-02
-5.173267051577568054e-02
-1.653390377759933472e-01
1.980932652950286865e-01
-9.722060710191726685e-02
-1.247232034802436829e-01
1.208251118659973145e-01
-1.445930153131484985e-01
-1.325223594903945923e-01
-2.872575521469116211e-01
-7.640007883310317993e-03
4.360719025135040283e-01
4.782619699835777283e-02
-1.196366623044013977e-01
-1.006077975034713745e-03
-2.905204892158508301e-02
3.333445638418197632e-02
1.224558576941490173e-01
-3.800432896241545677e-03
-4.743985831737518311e-02
-9.769385308027267456e-02
-1.222906336188316345e-01
-4.429466649889945984e-02
1.559632867574691772e-01
-6.169665977358818054e-02
-6.328568607568740845e-02
1.774983406066894531e-01
-2.120628766715526581e-02
1.020411378704011440e-03
5.814824625849723816e-02
1.158685535192489624e-01
-8.213988691568374634e-02
1.276613119989633560e-02
-9.783675521612167358e-02
-7.699199020862579346e-02
9.966709464788436890e-02
-6.130674853920936584e-02
-7.708425633609294891e-03
1.718548238277435303e-01
-2.107457071542739868e-01
1.647737473249435425e-01
-2.815603278577327728e-02
5.198337510228157043e-02
-2.109295129776000977e-02
-8.964310586452484131e-02
-3.019645810127258301e-02
2.746629342436790466e-02
2.220001667737960815e-01
-3.232159614562988281e-01
1.478849649429321289e-01
1.631665825843811035e-01
-3.186043724417686462e-02
1.325298547744750977e-01
1.483861729502677917e-02
7.834972813725471497e-03
-1.702612452208995819e-02
-1.103177592158317566e-01
-2.594569325447082520e-01
-7.367561757564544678e-02
1.326851639896631241e-02
-1.639178395271301270e-02
-3.383551165461540222e-02
8.627229183912277222e-02
