-8.186438679695129395e-02
1.026249006390571594e-01
2.617018111050128937e-02
-5.507860798388719559e-03
-1.250309348106384277e-01
3.942186944186687469e-03
-1.029995456337928772e-01
-8.890867233276367188e-03
1.269130408763885498e-01
-2.995003387331962585e-02
1.463070809841156006e-01
-3.419275581836700439e-02
-2.622726857662200928e-01
4.567436128854751587e-02
-3.085481747984886169e-02
1.161603704094886780e-01
-1.998372375965118408e-01
-7.647401094436645508e-02
-1.114649251103401184e-01
-1.101015135645866394e-01
-6.441320292651653290e-03
8.737306296825408936e-02
5.418419465422630310e-02
-2.274629473686218262e-02
-3.993691131472587585e-02
-2.905181050300598145e-01
-2.690772339701652527e-02
-1.158839091658592224e-01
1.338275074958801270e-01
-1.183208450675010681e-01
-1.647010631859302521e-02
-9.626088663935661316e-03
-1.326725184917449951e-01
-7.086981832981109619e-02
8.025646209716796875e-03
3.800572827458381653e-02
-1.056451126933097839e-01
-8.914618194103240967e-02
2.690233588218688965e-01
-9.592259302735328674e-03
-1.697302162647247314e-01
2.059172280132770538e-02
7.262786477804183960e-02
2.228432297706604004e-01
2.429622858762741089e-01
5.878526344895362854e-02
1.008631545118987560e-03
-9.368097037076950073e-02
8.693143725395202637e-02
-2.296813279390335083e-01
7.644326984882354736e-02
2.394895553588867188e-01
1.406722366809844971e-01
8.460076898336410522e-02
4.822677373886108398e-02
-9.811915457248687744e-02
-8.776174858212471008e-03
1.191136837005615234e-01
-1.329221576452255249e-01
7.897708564996719360e-04
1.310957074165344238e-01
-1.487435121089220047e-02
-2.044505439698696136e-02
-2.830010280013084412e-02
1.964509785175323486e-01
8.184907585382461548e-02
-6.092006340622901917e-02
-1.249330639839172363e-01
2.026050835847854614e-01
-1.401941329240798950e-01
-1.486451327800750732e-01
1.484323665499687195e-02
-8.989645540714263916e-02
-1.150535270571708679e-01
-2.186786979436874390e-01
4.027393087744712830e-02
3.125083744525909424e-01
7.176943123340606689e-02
-1.070273965597152710e-01
7.670447975397109985e-02
-3.068895451724529266e-02
-9.936770796775817871e-02
-1.758255250751972198e-02
9.040637314319610596e-02
-1.376149803400039673e-01
-1.003596410155296326e-01
-3.754221275448799133e-02
1.873800903558731079e-02
1.586989462375640869e-01
-5.805584788322448730e-02
2.107917703688144684e-02
8.278223872184753418e-02
7.689937949180603027e-02
-3.081197105348110199e-02
8.278635889291763306e-02
8.754896372556686401e-02
-1.164522618055343628e-01
-2.496575191617012024e-02
-1.568295061588287354e-01
-5.280983820557594299e-02
9.247109293937683105e-02
-8.661302179098129272e-02
8.526785299181938171e-03
1.294376701116561890e-01
-1.460167616605758667e-01
1.704197227954864502e-01
-1.837442070245742798e-02
-9.217520058155059814e-02
4.892354086041450500e-02
3.645276650786399841e-03
6.509862840175628662e-03
-3.846414014697074890e-02
1.859052479267120361e-01
-1.367650479078292847e-01
2.078455686569213867e-01
1.344114691019058228e-01
3.467603353783488274e-03
1.208428964018821716e-01
7.715862244367599487e-02
1.596110463142395020e-01
-3.147663781419396400e-03
5.757120624184608459e-02
-2.012441307306289673e-01
-1.592743545770645142e-01
-1.141691580414772034e-02
5.350293591618537903e-02
5.432356265373528004e-04
9.027121961116790771e-02
-5.018980428576469421e-02
1.233173757791519165e-01
6.143971905112266541e-02
-5.331717431545257568e-03
-1.207713782787322998e-01
3.535430878400802612e-02
-1.170918196439743042e-01
-3.075069002807140350e-02
8.660760521888732910e-02
-1.492006704211235046e-02
1.362811326980590820e-01
-8.102068305015563965e-02
-2.732596695423126221e-01
2.623168192803859711e-02
-2.674735337495803833e-02
1.427160203456878662e-01
-1.661611944437026978e-01
-5.733539909124374390e-02
-1.181177645921707153e-01
-7.612923532724380493e-02
-1.670010574162006378e-02
1.105358079075813293e-01
3.446179255843162537e-02
-6.486295908689498901e-02
-4.479859769344329834e-02
-3.079502582550048828e-01
-1.072657108306884766e-02
-1.185124963521957397e-01
9.584498405456542969e-02
-1.318346410989761353e-01
-4.677032120525836945e-03
1.293953973799943924e-02
-1.337257474660873413e-01
-4.867736622691154480e-02
1.821831101551651955e-03
4.606243968009948730e-02
-1.162326559424400330e-01
-4.442673176527023315e-02
1.901758611202239990e-01
-2.371071279048919678e-02
-1.977528780698776245e-01
6.239515915513038635e-02
3.127020224928855896e-02
1.974930167198181152e-01
1.935910731554031372e-01
3.834609314799308777e-02
6.445025652647018433e-02
-1.303077489137649536e-01
6.276788562536239624e-02
-1.938859224319458008e-01
4.161158949136734009e-02
2.002852112054824829e-01
1.522826254367828369e-01
1.091486215591430664e-01
5.581109970808029175e-02
-1.066653430461883545e-01
-9.221495129168033600e-03
1.119973435997962952e-01
-1.455287635326385498e-01
2.320505678653717041e-02
1.366295218467712402e-01
1.835524104535579681e-02
1.254604756832122803e-02
-3.460061270743608475e-03
1.808842718601226807e-01
3.924686834216117859e-02
-6.752675026655197144e-02
-1.311871260404586792e-01
2.030383497476577759e-01
-1.027764007449150085e-01
-1.034800857305526733e-01
7.803784310817718506e-02
-7.585644721984863281e-02
-1.421252191066741943e-01
-2.282600104808807373e-01
4.350825771689414978e-02
3.187484741210937500e-01
5.686651542782783508e-02
-1.365319788455963135e-01
3.237528726458549500e-02
-4.626683890819549561e-02
-7.196506112813949585e-02
-2.609851583838462830e-02
9.546339511871337891e-02
-1.004085242748260498e-01
-5.450367182493209839e-02
-1.591699011623859406e-02
5.191366747021675110e-02
1.432824581861495972e-01
-1.016870811581611633e-01
3.283575177192687988e-02
1.017349734902381897e-01
9.281741082668304443e-02
-2.165701799094676971e-02
3.352912515401840210e-02
1.105822548270225525e-01
-9.300028532743453979e-02
-2.164662349969148636e-03
-9.647032618522644043e-02
-4.364553093910217285e-02
7.983561605215072632e-02
-8.321966975927352905e-02
2.795081399381160736e-02
1.297829151153564453e-01
-1.194120198488235474e-01
2.345784753561019897e-01
-1.774036325514316559e-02
-5.796697735786437988e-02
2.730880118906497955e-02
4.034709557890892029e-02
7.871387898921966553e-02
-2.254226431250572205e-02
1.875279843807220459e-01
-1.922947019338607788e-01
1.956795752048492432e-01
1.547028422355651855e-01
-2.997381053864955902e-02
9.364077448844909668e-02
1.312444731593132019e-02
1.590859442949295044e-01
-1.372831221669912338e-02
2.232887037098407745e-02
-1.973042041063308716e-01
-1.515602767467498779e-01
-1.716931164264678955e-02
5.361556261777877808e-02
-4.318449273705482483e-02
9.324790537357330322e-02
-2.770743146538734436e-02
9.314467757940292358e-02
2.693566493690013885e-04
-3.639175742864608765e-02
-1.296835988759994507e-01
-1.864423626102507114e-03
-7.545069605112075806e-02
-4.690210893750190735e-02
1.104387789964675903e-01
-5.585847049951553345e-02
1.413330733776092529e-01
-5.864714458584785461e-02
-3.237855434417724609e-01
2.075458643957972527e-03
-4.420261085033416748e-02
1.368359327316284180e-01
-1.548539996147155762e-01
-6.588050723075866699e-02
-1.393023282289505005e-01
-1.265465170145034790e-01
-1.705919764935970306e-02
9.062679111957550049e-02
4.406133666634559631e-02
-8.097548037767410278e-03
3.120774216949939728e-02
-3.250930607318878174e-01
-5.128293856978416443e-02
-9.606619924306869507e-02
1.411521583795547485e-01
-1.369460970163345337e-01
-2.438954822719097137e-02
2.397859655320644379e-02
-1.249848082661628723e-01
-1.034008115530014038e-01
9.080301970243453979e-03
1.757527934387326241e-04
-9.466578066349029541e-02
-1.140295788645744324e-01
2.585938572883605957e-01
1.216780487447977066e-02
-1.645525097846984863e-01
6.637107580900192261e-02
7.144820690155029297e-02
2.396515607833862305e-01
1.936338692903518677e-01
2.926724776625633240e-02
3.179094567894935608e-02
-1.081502884626388550e-01
1.307910680770874023e-01
-2.270573973655700684e-01
6.150718778371810913e-02
1.914452463388442993e-01
1.779595315456390381e-01
6.580021232366561890e-02
7.670846581459045410e-02
-1.184204071760177612e-01
-3.269385546445846558e-02
1.281605362892150879e-01
-1.596956849098205566e-01
3.266602382063865662e-02
7.531603425741195679e-02
-2.215428091585636139e-02
-3.397558629512786865e-02
-5.539589747786521912e-02
2.068793475627899170e-01
8.189145475625991821e-02
-7.023642957210540771e-02
-1.086210012435913086e-01
2.585036754608154297e-01
-1.168657913804054260e-01
-1.160700172185897827e-01
1.298638898879289627e-02
-9.455403685569763184e-02
-7.746186852455139160e-02
-2.219414710998535156e-01
5.214349925518035889e-02
3.249741494655609131e-01
7.227027416229248047e-02
-1.328503638505935669e-01
5.534211546182632446e-02
-7.481099665164947510e-02
-8.669494837522506714e-02
-4.857629165053367615e-02
8.855198323726654053e-02
-1.337809413671493530e-01
-8.407557755708694458e-02
-1.684171520173549652e-02
3.195325657725334167e-02
1.564383655786514282e-01
-7.269077003002166748e-02
-1.640970632433891296e-02
1.294133961200714111e-01
8.708020299673080444e-02
1.743381842970848083e-02
7.883844524621963501e-02
8.286374807357788086e-02
-1.462030261754989624e-01
-8.187767118215560913e-02
-1.735392808914184570e-01
-6.958115845918655396e-02
1.026935726404190063e-01
-1.241885572671890259e-01
1.134469080716371536e-02
1.386104971170425415e-01
-1.561938524246215820e-01
1.836429387331008911e-01
-6.867466960102319717e-03
-8.979327976703643799e-02
4.817406833171844482e-02
2.823577448725700378e-02
2.671330794692039490e-02
-1.158151309937238693e-02
1.711107641458511353e-01
-1.629578173160552979e-01
2.329252660274505615e-01
1.342304199934005737e-01
3.100103884935379028e-02
1.066435948014259338e-01
4.451225325465202332e-02
1.033762916922569275e-01
5.833889823406934738e-03
-1.630714721977710724e-02
-1.738875955343246460e-01
-1.936317831277847290e-01
2.972124703228473663e-02
6.151849403977394104e-02
-1.469505112618207932e-02
8.227045834064483643e-02
